-0.998 -0.745 -1.8365
-0.997 -0.361 -0.36708
-0.997 0.133 0.68607
-0.98 -0.769 -1.8768
-0.979 0.799 -0.43051
-0.975 -0.041 0.59899
-0.973 -0.21 -0.0055036
-0.973 0.577 -0.11733
-0.97 0.039 0.349
-0.968 -0.145 0.41653
-0.967 -0.282 -0.11675
-0.967 0.013 0.59184
-0.966 0.645 -0.28022
-0.963 0.251 0.49906
-0.953 0.319 0.20711
-0.95 -0.314 -0.31342
-0.947 -0.315 -0.16432
-0.947 0.101 0.45217
-0.946 -0.376 -0.393
-0.945 -0.105 0.28549
-0.944 -0.596 -1.1632
-0.942 0.324 0.26924
-0.941 -0.474 -0.79668
-0.94 -0.904 -2.1997
-0.938 0.532 -0.0878
-0.934 -0.612 -1.4345
-0.933 0.258 0.42361
-0.925 -0.52 -0.93918
-0.925 -0.012 0.40322
-0.923 -0.594 -1.3427
-0.923 0.53 -0.15171
-0.919 0.993 -0.63986
-0.916 -0.132 0.11466
-0.915 0.042 0.36142
-0.914 0.737 -0.50564
-0.911 0.619 -0.24909
-0.91 -0.206 0.074656
-0.904 0.869 -0.60311
-0.901 0.161 0.23083
-0.9 -0.31 -0.44484
-0.899 -0.751 -1.7923
-0.898 -0.584 -1.2772
-0.897 0.622 -0.31671
-0.896 0.419 0.037953
-0.894 0.534 -0.16261
-0.894 0.582 -0.3028
-0.893 -0.246 -0.2628
-0.89 0.402 0.13428
-0.889 0.199 0.49334
-0.886 0.59 -0.23134
-0.882 -0.25 -0.21643
-0.882 -0.221 -0.034735
-0.878 -0.808 -2.2028
-0.875 0.304 0.19607
-0.873 0.36 0.22055
-0.871 -0.552 -1.2118
-0.87 -0.559 -1.3054
-0.869 -0.284 -0.4094
-0.869 0.199 0.3197
-0.868 0.492 -0.1308
-0.863 0.025 0.49538
-0.862 0.81 -0.66512
-0.858 0.132 0.35943
-0.857 0.211 0.32936
-0.856 -0.177 0.015423
-0.851 0.926 -0.69917
-0.85 0.363 0.092041
-0.844 0.608 -0.37848
-0.842 0.19 0.37116
-0.841 -0.212 -0.1356
-0.838 -0.029 0.26615
-0.832 0.925 -0.88348
-0.829 0.017 0.30722
-0.829 0.118 0.27669
-0.827 0.333 0.24909
-0.824 -0.474 -0.9201
-0.821 0.958 -0.93398
-0.82 -0.51 -1.2001
-0.82 -0.215 -0.11316
-0.817 -0.677 -1.6072
-0.817 0.494 -0.2158
-0.815 -0.333 -0.42409
-0.815 -0.087 0.19071
-0.814 0.725 -0.68178
-0.812 -0.039 0.41913
-0.812 0.542 -0.36554
-0.81 0.666 -0.61373
-0.809 -0.226 -0.47998
-0.803 -0.473 -0.91155
-0.8 0.714 -0.75797
-0.799 -0.77 -1.9725
-0.798 -0.391 -0.71379
-0.797 0.736 -0.69331
-0.796 0.95 -0.99079
-0.793 0.744 -0.64742
-0.792 -0.853 -2.475
-0.792 0.257 0.30411
-0.79 0.437 -0.069436
-0.788 -0.375 -0.57638
-0.787 -0.494 -0.86916
-0.787 -0.143 -0.0092048
-0.784 -0.831 -2.0899
-0.784 0.094 0.48589
-0.782 -0.033 0.30999
-0.777 -0.849 -2.465
-0.776 -0.324 -0.40052
-0.772 -0.122 0.22491
-0.769 0.073 0.32902
-0.767 0.913 -1.0035
-0.766 -0.414 -0.70605
-0.766 -0.18 0.12896
-0.765 -0.496 -1.0925
-0.765 0.116 0.079888
-0.764 -0.616 -1.554
-0.764 -0.563 -1.2415
-0.764 0.433 -0.19367
-0.763 0.064 0.056956
-0.76 0.169 0.27602
-0.759 0.306 0.14289
-0.759 0.357 -0.0084602
-0.758 0.743 -0.71541
-0.756 0.67 -0.6675
-0.755 0.328 0.078227
-0.754 0.929 -0.9956
-0.751 -0.515 -1.1106
-0.751 -0.102 0.23744
-0.749 0.189 0.2569
-0.748 0.305 0.10318
-0.744 -0.565 -1.3935
-0.742 -0.748 -1.8337
-0.74 -0.749 -2.1133
-0.738 0.285 0.011879
-0.735 -0.262 -0.1725
-0.729 0.467 -0.19145
-0.726 -0.856 -2.2523
-0.725 0.284 0.11512
-0.718 0.362 -0.019982
-0.717 0.327 0.033851
-0.715 0.25 0.20398
-0.715 0.597 -0.56589
-0.714 -0.997 -2.5009
-0.71 -0.407 -0.79927
-0.706 0.098 0.52619
-0.7 -0.196 -0.087014
-0.696 -0.673 -1.7259
-0.691 0.646 -0.65952
-0.686 0.102 0.46037
-0.685 0.107 0.20152
-0.682 -0.463 -0.85959
-0.68 -0.425 -0.80524
-0.679 0.079 0.16314
-0.679 0.566 -0.56759
-0.676 -0.695 -1.8665
-0.675 0.031 0.185
-0.674 0.645 -0.66423
-0.672 0.597 -0.61523
-0.669 -0.296 -0.42891
-0.665 0.143 0.16558
-0.661 0.596 -0.63843
-0.66 0.304 0.02373
-0.658 -0.119 0.089479
-0.656 -0.667 -1.6347
-0.656 -0.486 -0.88195
-0.655 0.083 0.21108
-0.654 -0.722 -1.7356
-0.654 0.514 -0.36164
-0.652 -0.935 -2.388
-0.652 0.455 -0.247
-0.65 -0.677 -1.674
-0.646 -0.886 -2.2985
-0.646 0.86 -1.0008
-0.646 0.999 -1.1958
-0.642 0.193 0.19971
-0.642 0.383 -0.066839
-0.641 0.592 -0.59263
-0.64 -0.035 0.091325
-0.637 -0.568 -1.3331
-0.633 -0.39 -0.71778
-0.631 0.233 0.17441
-0.629 -0.46 -1.0199
-0.627 0.195 0.21611
-0.626 -0.409 -0.76822
-0.626 0.015 0.16584
-0.624 -0.852 -2.2345
-0.624 0.872 -1.0864
-0.621 0.569 -0.61712
-0.62 0.205 0.24308
-0.62 0.769 -0.89079
-0.617 0.603 -0.61275
-0.609 -0.792 -1.8309
-0.607 0.48 -0.3497
-0.606 -0.255 -0.19377
-0.602 0.879 -1.0331
-0.601 -0.055 0.21021
-0.6 0.506 -0.44002
-0.598 -0.964 -2.3096
-0.596 -0.474 -1.0089
-0.595 -0.244 -0.23652
-0.595 0.358 -0.052522
-0.593 -0.843 -2.0562
-0.592 -0.826 -1.9462
-0.592 -0.287 -0.24387
-0.59 -0.635 -1.4349
-0.589 -0.51 -1.1312
-0.584 0.773 -0.87204
-0.582 0.102 0.21303
-0.581 0.316 -0.088386
-0.571 0.938 -1.3702
-0.57 0.308 0.15082
-0.569 -0.379 -0.48503
-0.569 0.612 -0.72512
-0.568 0.211 0.16036
-0.567 -0.038 0.30751
-0.564 0.152 0.33961
-0.564 0.223 0.23655
-0.562 -0.7 -1.6432
-0.562 0.659 -0.69669
-0.561 -0.787 -1.8063
-0.56 0.407 -0.28664
-0.555 0.374 -0.08697
-0.554 -0.812 -2.1249
-0.554 0.801 -1.0788
-0.552 0.583 -0.58343
-0.551 -0.292 -0.30061
-0.551 0.498 -0.44343
-0.547 -0.165 -0.095918
-0.544 -0.926 -2.0519
-0.543 -0.598 -1.2731
-0.541 -0.093 0.088865
-0.532 0.713 -0.91822
-0.532 0.795 -1.0645
-0.529 0.278 0.018924
-0.523 0.083 0.2579
-0.523 0.367 -0.17362
-0.522 -0.733 -1.9658
-0.521 -0.43 -0.65658
-0.521 -0.394 -0.48676
-0.521 0.561 -0.55123
-0.521 0.688 -0.89552
-0.52 0.881 -1.2658
-0.518 0.175 0.19992
-0.516 0.199 0.23086
-0.513 -0.014 0.23168
-0.513 0.22 0.02309
-0.512 0.724 -0.97458
-0.51 0.013 0.19604
-0.509 -0.443 -0.59569
-0.508 -0.168 0.024396
-0.507 -0.525 -1.0821
-0.505 0.237 0.13909
-0.505 0.653 -0.83204
-0.502 0.865 -1.1318
-0.496 0.701 -0.78547
-0.494 0.365 -0.094171
-0.493 -0.613 -1.1513
-0.491 -0.512 -0.8305
-0.488 0.863 -1.0736
-0.488 0.989 -1.3283
-0.487 -0.356 -0.41733
-0.487 0.859 -1.1849
-0.484 -0.059 0.31133
-0.482 0.572 -0.62954
-0.482 0.693 -0.89593
-0.477 -0.095 0.25904
-0.475 -0.717 -1.4397
-0.475 -0.322 -0.24582
-0.474 -0.312 -0.23892
-0.473 -0.38 -0.3514
-0.473 0.138 0.12268
-0.473 0.149 0.36366
-0.471 -0.143 0.17442
-0.467 -0.064 0.42695
-0.466 -0.312 -0.33881
-0.462 0.749 -1.0668
-0.461 -0.499 -0.91618
-0.461 0.549 -0.50265
-0.46 -0.043 0.32317
-0.457 0.505 -0.3697
-0.454 -0.328 -0.3357
-0.452 -0.848 -1.8537
-0.447 0.741 -1.1815
-0.445 -0.96 -1.9212
-0.442 -0.82 -1.836
-0.438 0.805 -1.0615
-0.432 0.023 0.60144
-0.43 -0.696 -1.3784
-0.43 0.558 -0.58303
-0.43 0.894 -1.046
-0.428 -0.014 0.2618
-0.425 0.778 -1.1223
-0.421 -0.309 -0.022731
-0.42 -0.782 -1.8147
-0.42 -0.266 -0.19712
-0.419 -0.766 -1.7763
-0.419 -0.497 -0.69899
-0.419 -0.015 0.39405
-0.414 0.156 0.42472
-0.413 0.71 -0.89261
-0.41 0.087 0.44159
-0.409 0.268 0.099567
-0.407 -0.075 0.13913
-0.405 -0.504 -0.79556
-0.401 0.295 -0.045252
-0.396 0.078 0.26132
-0.391 -0.141 0.097434
-0.39 0.657 -0.80716
-0.39 0.74 -0.90621
-0.385 0.176 0.23792
-0.385 0.278 0.17681
-0.382 -0.392 -0.51305
-0.379 0.784 -1.1488
-0.378 -0.561 -0.87567
-0.378 0.304 0.098622
-0.375 -0.431 -0.45741
-0.368 0.107 0.17867
-0.365 -0.093 0.19913
-0.363 0.052 0.26562
-0.36 -0.654 -1.4294
-0.36 0.938 -1.303
-0.358 -0.761 -1.6128
-0.358 -0.428 -0.53024
-0.356 -0.537 -0.80128
-0.355 -0.459 -0.71472
-0.351 0.385 -0.19502
-0.35 -0.809 -1.402
-0.348 0.405 -0.1101
-0.343 0.128 0.48796
-0.341 -0.402 -0.3196
-0.34 -0.976 -2.0366
-0.34 -0.004 0.45261
-0.338 0.662 -0.72877
-0.336 0.852 -1.0874
-0.333 -0.135 0.25879
-0.332 -0.977 -1.8197
-0.332 -0.117 0.37423
-0.331 -0.406 -0.46419
-0.329 -0.713 -1.0607
-0.329 -0.559 -0.76649
-0.329 0.936 -1.1853
-0.325 -0.3 -0.076971
-0.323 0.639 -0.67104
-0.322 0.32 0.17145
-0.316 0.08 0.71982
-0.315 0.08 0.39558
-0.313 0.919 -1.3263
-0.311 0.454 -0.17069
-0.308 -0.806 -1.4773
-0.308 -0.663 -1.2161
-0.304 -0.811 -1.5762
-0.302 0.767 -0.90458
-0.3 -0.851 -1.6179
-0.3 -0.824 -1.6017
-0.299 -0.13 0.34658
-0.298 -0.08 0.35531
-0.296 -0.799 -1.5489
-0.296 0.316 0.23976
-0.294 -0.75 -1.3961
-0.293 -0.946 -2.0019
-0.292 -0.765 -1.3757
-0.291 -0.575 -0.90078
-0.29 0.502 -0.31623
-0.289 -0.689 -1.2002
-0.288 -0.722 -1.2871
-0.287 -0.043 0.49147
-0.287 0.684 -0.76449
-0.283 -0.811 -1.3805
-0.283 -0.538 -0.74787
-0.282 -0.984 -1.9735
-0.28 -0.362 -0.087058
-0.277 -0.377 -0.21039
-0.274 -0.079 0.51885
-0.272 0.599 -0.55477
-0.269 0.019 0.56565
-0.268 0.09 0.61577
-0.266 0.123 0.44769
-0.266 0.641 -0.67439
-0.263 0.587 -0.55376
-0.263 0.637 -0.67606
-0.261 0.79 -0.99002
-0.26 -0.933 -1.457
-0.26 0.65 -0.6905
-0.259 -0.961 -1.7573
-0.258 0.084 0.53532
-0.254 0.212 0.59631
-0.251 0.417 -0.12828
-0.25 0.493 -0.24278
-0.246 0.564 -0.38709
-0.245 -0.818 -1.6627
-0.245 -0.738 -1.3393
-0.245 0.46 -0.19026
-0.243 0.76 -0.86786
-0.24 -0.269 0.1321
-0.238 0.539 -0.33428
-0.237 0.412 -0.051619
-0.236 -0.823 -1.3324
-0.235 -0.631 -0.87619
-0.234 0.252 0.30875
-0.233 0.754 -0.97427
-0.23 0.837 -1.0662
-0.221 -0.768 -1.1316
-0.221 -0.103 0.54413
-0.219 -0.333 0.16012
-0.217 -0.352 -0.065931
-0.215 0.219 0.43792
-0.207 0.986 -0.98621
-0.205 -0.666 -0.94517
-0.204 -0.126 0.55383
-0.197 -0.202 0.41535
-0.197 0.107 0.73867
-0.196 -0.997 -1.6505
-0.193 -0.985 -1.4623
-0.191 0.413 0.055927
-0.19 -0.758 -1.2457
-0.19 -0.348 0.18313
-0.189 0.179 0.51744
-0.187 -0.286 0.3424
-0.185 -0.82 -1.1682
-0.185 -0.146 0.54617
-0.185 0.345 0.21087
-0.185 0.394 0.059059
-0.182 0.28 0.33553
-0.178 0.443 -0.11693
-0.176 -0.718 -1.0414
-0.176 0.479 -0.13016
-0.168 0.18 0.38441
-0.164 -0.523 -0.47336
-0.164 0.624 -0.44486
-0.163 0.793 -0.88479
-0.162 -0.747 -1.0878
-0.162 -0.131 0.53479
-0.162 0.011 0.50427
-0.161 -0.84 -1.5376
-0.159 0.406 0.16551
-0.158 -0.091 0.60678
-0.156 -0.37 -0.04623
-0.154 -0.688 -0.86648
-0.154 0.812 -0.85151
-0.153 -0.68 -0.73149
-0.153 -0.459 -0.0022866
-0.151 -0.59 -0.6504
-0.15 0.638 -0.52857
-0.147 0.42 0.065947
-0.147 0.905 -1.101
-0.144 0.678 -0.60109
-0.143 -0.47 -0.30424
-0.139 -0.979 -1.2354
-0.139 0.428 0.040615
-0.138 0.515 -0.1901
-0.13 -0.366 0.13799
-0.129 -0.472 -0.11172
-0.128 0.175 0.6144
-0.128 0.793 -0.91132
-0.123 0.392 0.1108
-0.121 0.563 -0.29832
-0.12 -0.616 -0.48399
-0.12 0.248 0.33577
-0.118 0.56 -0.25431
-0.118 0.991 -1.2524
-0.113 -0.507 -0.42058
-0.113 -0.452 0.042312
-0.105 -0.378 0.17693
-0.103 0.515 -0.15395
-0.1 -0.446 0.097474
-0.091 -0.438 0.019685
-0.09 -0.145 0.78216
-0.087 -0.993 -1.2253
-0.086 0.943 -1.1008
-0.085 -0.465 0.037505
-0.085 0.339 0.36559
-0.085 0.61 -0.4148
-0.083 -0.092 0.73208
-0.081 0.991 -1.0876
-0.08 -0.44 0.22634
-0.079 -0.445 0.017509
-0.079 0.612 -0.40173
-0.079 0.942 -1.0922
-0.078 0.21 0.72031
-0.074 -0.887 -0.93882
-0.073 0.632 -0.36523
-0.071 0.162 0.60787
-0.07 0.936 -1.1438
-0.067 0.511 -0.029036
-0.063 -0.828 -0.81454
-0.062 -0.297 0.49797
-0.061 -0.6 -0.35963
-0.061 -0.479 -0.076994
-0.06 -0.466 0.082205
-0.059 -0.613 -0.53408
-0.059 0.035 0.86853
-0.059 0.899 -0.85037
-0.058 -0.288 0.64875
-0.054 0.676 -0.52543
-0.053 -0.799 -0.95901
-0.051 0.813 -1.0086
-0.048 -0.244 0.74955
-0.046 0.617 -0.35332
-0.041 -0.91 -1.0786
-0.04 -0.154 0.75642
-0.04 -0.091 1.0114
-0.04 0.449 0.20945
-0.036 0.845 -1.0144
-0.034 -0.896 -0.71899
-0.033 0.061 0.73124
-0.032 -0.639 -0.47118
-0.029 -0.063 0.93712
-0.026 -0.291 0.63938
-0.02 -0.009 0.95057
-0.017 -0.954 -0.8441
-0.017 -0.691 -0.41345
-0.014 -0.189 0.82589
-0.013 0.9 -0.81932
-0.012 -0.365 0.44676
-0.012 -0.037 1.1146
-0.011 -0.29 0.61235
-0.011 0.564 -0.17297
-0.01 0.787 -0.81425
-0.008 0.65 -0.41188
-0.006 -0.272 0.84354
0 -0.59 -0.23634
0 0.249 0.83531
0 0.535 -0.076018
0.002 0.578 -0.16772
0.003 -0.604 -0.20242
0.005 0.652 -0.44204
0.009 0.248 0.70998
0.01 0.496 0.087629
0.018 -0.153 0.99849
0.019 0.473 0.21548
0.022 0.875 -0.86224
0.024 0.223 0.82873
0.027 -0.729 -0.50096
0.028 -0.247 0.85516
0.029 0.473 0.16593
0.03 -0.397 0.41237
0.032 0.996 -0.9737
0.033 -0.173 0.90109
0.037 -0.264 0.92804
0.037 -0.207 0.82329
0.038 0.613 -0.20637
0.04 0.065 1.0103
0.041 -0.247 0.87139
0.043 0.347 0.66085
0.044 -0.908 -0.68175
0.046 -0.09 0.94697
0.047 -0.975 -0.48843
0.054 -0.069 1.0458
0.056 -0.804 -0.47461
0.056 -0.705 -0.45425
0.058 0.405 0.39664
0.066 -0.2 0.87853
0.069 -0.91 -0.67949
0.07 0.181 0.94429
0.074 0.896 -0.80114
0.075 -0.768 -0.58679
0.078 0.315 0.67371
0.08 0.108 1.2306
0.08 0.273 0.75426
0.085 0.99 -1.0885
0.089 0.122 1.1414
0.091 0.104 1.2288
0.091 0.681 -0.37987
0.093 -0.63 -0.17514
0.094 -0.938 -0.59267
0.098 0.877 -0.83536
0.1 -0.669 -0.1241
0.106 0.57 0.034227
0.106 0.608 -0.14677
0.111 -0.072 1.3396
0.111 0.134 1.0127
0.118 -0.238 1.1293
0.121 -0.684 -0.16354
0.121 -0.669 -0.30639
0.121 0.194 0.83315
0.121 0.247 0.9441
0.122 -0.609 0.028698
0.122 0.629 -0.083921
0.123 0.375 0.62588
0.124 -0.664 -0.015642
0.125 -0.57 0.25975
0.126 0.803 -0.6464
0.134 0.139 1.199
0.139 -0.506 0.35036
0.139 -0.112 0.96486
0.14 -0.633 0.074215
0.14 -0.567 0.1272
0.14 0.304 0.62076
0.141 0.529 0.16667
0.142 0.128 1.2828
0.143 -0.318 0.92615
0.144 -0.38 0.70668
0.146 -0.943 -0.81284
0.147 -0.593 -0.033087
0.147 0.773 -0.51776
0.15 0.901 -0.726
0.152 0.379 0.76165
0.156 0.714 -0.34467
0.156 0.828 -0.61502
0.159 -0.464 0.59245
0.16 0.508 0.25532
0.16 0.802 -0.52816
0.161 -0.784 -0.36126
0.161 -0.392 0.7242
0.161 -0.171 1.2264
0.161 -0.005 1.2869
0.163 -0.334 0.90759
0.167 0.996 -0.80945
0.168 0.919 -0.89994
0.173 0.544 0.22242
0.176 0.542 0.22039
0.179 0.884 -0.8133
0.18 0.78 -0.65797
0.181 -0.543 0.47705
0.181 0.345 0.76981
0.183 0.352 0.67153
0.184 0.902 -0.88306
0.187 0.395 0.72546
0.188 0.377 0.63574
0.192 0.721 -0.2549
0.193 0.047 1.3577
0.193 0.548 0.17774
0.197 -0.672 0.17223
0.199 -0.156 1.2532
0.204 -0.834 -0.07937
0.207 -0.627 0.14128
0.211 -0.173 1.333
0.216 0.897 -0.65149
0.218 -0.34 0.88574
0.222 -0.669 -0.076099
0.222 0.551 0.2456
0.224 0.244 1.1037
0.232 -0.647 0.024909
0.232 0.672 -0.094471
0.233 -0.925 -0.4584
0.233 -0.551 0.44038
0.233 0.632 -0.063325
0.235 -0.699 0.028676
0.239 -0.575 0.39935
0.24 0.123 1.2523
0.241 -0.942 -0.48397
0.247 0.874 -0.65642
0.255 -0.035 1.5035
0.259 0.247 1.1574
0.261 -0.13 1.4214
0.263 0.384 0.80576
0.264 0.777 -0.39721
0.265 0.145 1.4624
0.265 0.547 0.22773
0.266 0.645 -0.047694
0.268 -0.084 1.4481
0.269 0.757 -0.31477
0.27 -0.611 0.2766
0.271 -0.979 -0.27706
0.274 0.025 1.6048
0.276 -0.668 0.30395
0.278 0.518 0.36469
0.279 -0.74 0.06822
0.279 -0.18 1.3447
0.285 -0.822 -0.068969
0.286 0.868 -0.63283
0.29 0.505 0.40938
0.291 -0.517 0.72389
0.291 0.425 0.74665
0.291 0.833 -0.43865
0.295 -0.24 1.1644
0.295 0.829 -0.48009
0.297 0.067 1.5989
0.298 -0.455 0.82245
0.299 -0.322 1.0387
0.3 0.917 -0.72982
0.308 -0.437 1.041
0.311 -0.9 0.17608
0.313 0.383 0.87408
0.313 0.773 -0.35399
0.314 -0.189 1.605
0.317 -0.139 1.5114
0.319 -0.396 0.94034
0.326 0.621 0.032685
0.328 0.047 1.366
0.328 0.17 1.4394
0.33 -0.528 0.43835
0.33 0.14 1.4474
0.331 0.261 1.1753
0.333 0.014 1.6247
0.335 -0.93 -0.0285
0.336 -0.106 1.6731
0.343 0.234 1.5015
0.346 0.302 1.1001
0.346 0.818 -0.32764
0.348 0.37 1.0637
0.349 0.584 0.15402
0.351 -0.261 1.4499
0.353 0.435 0.67077
0.354 -0.452 1.0948
0.355 -0.919 0.077755
0.355 0.129 1.4631
0.358 0.373 0.90399
0.359 0.265 1.3453
0.361 -0.946 0.33868
0.364 -0.438 1.0481
0.368 0.869 -0.48709
0.372 0.741 -0.14737
0.375 -0.886 0.28096
0.379 -0.868 0.32411
0.379 -0.076 1.5512
0.383 -0.208 1.7819
0.385 -0.643 0.4492
0.386 -0.738 0.39937
0.389 0.477 0.60179
0.39 -0.76 0.28352
0.39 0.68 -0.058011
0.392 -0.798 0.15736
0.393 0.217 1.5005
0.394 0.221 1.3772
0.403 0.471 0.60228
0.406 -0.069 1.602
0.419 -0.537 0.9252
0.422 0.436 0.69193
0.431 0.6 0.19527
0.437 -0.441 1.1856
0.437 -0.034 1.6759
0.438 -0.446 1.011
0.441 0.907 -0.69292
0.444 -0.131 1.7378
0.444 0.91 -0.71183
0.449 -0.897 0.20658
0.451 0.588 0.29193
0.452 0.627 0.15841
0.453 -0.673 0.5279
0.455 -0.784 0.42434
0.457 0.234 1.4073
0.458 -0.124 1.6105
0.458 0.033 1.509
0.458 0.423 0.77566
0.458 0.759 -0.38758
0.458 0.889 -0.56204
0.459 -0.022 1.6653
0.46 0.65 0.088613
0.46 0.682 -0.045941
0.462 -0.554 0.92851
0.462 0.85 -0.53642
0.463 0.302 1.3867
0.464 -0.058 1.8
0.467 -0.927 0.18812
0.471 -0.303 1.4824
0.471 0.575 0.29142
0.474 -0.961 0.26951
0.477 0.482 0.59854
0.48 0.128 1.4051
0.483 -0.217 1.5464
0.484 0.714 -0.13854
0.485 -0.372 1.2932
0.486 0.857 -0.7018
0.487 0.365 0.98044
0.487 0.727 -0.30635
0.491 -0.719 0.51569
0.493 0.333 1.1296
0.496 -0.147 1.7536
0.496 -0.009 1.9165
0.496 0.208 1.5779
0.498 0.29 1.155
0.499 -0.416 1.2509
0.5 -0.79 0.47215
0.502 0.399 0.85191
0.502 0.63 0.046692
0.504 -0.479 1.0969
0.504 -0.222 1.5691
0.516 -0.26 1.5637
0.518 -0.969 0.015272
0.52 0.112 1.4709
0.52 0.27 1.3388
0.526 -0.184 1.8765
0.528 0.203 1.4931
0.533 -0.508 1.2292
0.536 -0.884 0.30421
0.537 0.057 1.7442
0.542 0.097 1.6413
0.544 0.49 0.65302
0.545 0.663 -0.0074155
0.547 -0.4 1.3655
0.549 0.577 0.28207
0.55 -0.595 0.8183
0.552 0.255 1.3497
0.554 0.079 1.7227
0.557 -0.85 0.40826
0.557 0.774 -0.26799
0.563 -0.347 1.4976
0.567 -0.092 2.0844
0.567 0.165 1.5404
0.57 -0.275 1.6303
0.577 -0.5 1.1935
0.58 0.946 -0.72322
0.584 -0.744 0.58185
0.588 -0.17 1.8892
0.589 0.139 1.687
0.591 0.635 0.025427
0.593 0.403 0.83635
0.594 -0.775 0.42242
0.599 -0.066 1.8628
0.6 -0.141 1.8819
0.605 -0.985 0.48029
0.605 -0.247 1.5896
0.605 0.991 -0.83418
0.606 -0.883 0.35049
0.607 -0.765 0.41699
0.608 -0.842 0.46015
0.614 -0.511 1.2489
0.616 0.679 -0.0039591
0.619 -0.19 1.7408
0.623 -0.576 1.063
0.623 0.412 0.83778
0.626 0.954 -0.71434
0.628 -0.839 0.44355
0.63 0.297 1.2451
0.634 -0.59 0.8651
0.636 -0.433 1.4102
0.636 0.589 0.22335
0.639 0.06 1.8031
0.64 -0.651 1.0352
0.642 0.069 1.6587
0.647 0.046 1.6243
0.648 0.664 -0.06438
0.65 0.355 1.0239
0.65 0.855 -0.5263
0.656 -0.777 0.64216
0.658 0.617 0.046478
0.662 -0.769 0.43689
0.67 0.575 0.24123
0.679 0.694 -0.19004
0.68 -0.835 0.51532
0.683 -0.727 0.66994
0.683 0.173 1.5726
0.683 0.984 -0.91279
0.684 0.986 -1.0425
0.689 -0.703 0.79344
0.691 0.803 -0.55228
0.692 -0.876 0.50283
0.699 -0.8 0.6087
0.701 -0.98 0.42501
0.704 -0.798 0.79332
0.705 0.448 0.69338
0.706 -0.297 1.4186
0.706 0.784 -0.53869
0.71 0.019 1.8563
0.71 0.691 -0.22383
0.71 0.962 -0.81356
0.713 -0.676 0.6152
0.714 0.968 -1.0432
0.715 0.045 1.6968
0.718 -0.814 0.39064
0.718 -0.605 1.0696
0.723 -0.377 1.3709
0.723 0.544 0.32456
0.725 0.039 1.59
0.726 -0.969 0.76629
0.728 -0.176 1.8046
0.728 0.216 1.2758
0.735 0.206 1.3781
0.735 0.494 0.48457
0.738 -0.383 1.4832
0.739 -0.182 1.7831
0.74 -0.032 1.6992
0.741 0.709 -0.4382
0.746 0.56 0.1963
0.747 -0.674 0.88833
0.749 -0.396 1.3528
0.749 0.775 -0.48195
0.75 0.127 1.5487
0.756 -0.511 1.2623
0.756 0.385 0.85038
0.758 -0.683 0.96403
0.758 0.767 -0.42674
0.761 -0.681 0.82121
0.762 0.769 -0.35583
0.763 0.398 0.78132
0.764 0.702 -0.3583
0.767 -0.28 1.6332
0.769 -0.995 0.6282
0.773 0.143 1.5919
0.775 0.481 0.50378
0.775 0.522 0.33309
0.776 -0.245 1.6366
0.777 0.525 0.29372
0.778 -0.387 1.438
0.778 -0.041 1.5565
0.778 0.679 -0.28619
0.78 -0.303 1.6137
0.78 0.832 -0.72487
0.783 -0.057 1.7185
0.785 -0.959 0.54292
0.785 0.561 0.111
0.787 0.252 1.2706
0.79 -0.616 0.96036
0.79 0.875 -0.89524
0.793 -0.979 0.22549
0.793 0.332 0.99202
0.795 -0.887 0.43091
0.795 -0.597 1.1554
0.798 -0.268 1.5188
0.798 0.117 1.4494
0.8 0.302 0.9896
0.803 -0.646 0.91316
0.804 -0.996 0.59477
0.804 -0.802 0.46376
0.805 -0.75 0.58295
0.806 -0.892 0.25249
0.806 0.864 -0.81197
0.807 0.829 -0.86377
0.809 -0.493 1.3679
0.812 -0.332 1.6297
0.819 -0.583 0.95021
0.823 0.579 0.043615
0.824 0.372 0.86301
0.825 -0.08 1.6605
0.825 0.879 -0.91928
0.829 -0.217 1.7639
0.83 -0.059 2.0281
0.832 -0.37 1.4897
0.832 0.017 1.8041
0.833 0.871 -0.84794
0.836 -0.098 1.675
0.837 0.164 1.3947
0.841 -0.203 1.6197
0.842 -0.574 0.9102
0.843 -0.697 0.8552
0.843 -0.002 1.7741
0.846 0.643 -0.28026
0.846 0.696 -0.47393
0.847 0.077 1.5213
0.85 -0.613 0.87756
0.85 -0.471 1.216
0.852 0.517 0.24532
0.852 0.806 -0.52916
0.854 -0.124 1.7369
0.854 0.157 1.6222
0.855 0.623 -0.12166
0.856 -0.809 0.72509
0.857 0.261 1.151
0.857 0.807 -0.65522
0.858 0.591 -0.12573
0.859 -0.004 1.3991
0.861 -0.609 0.85338
0.861 0.414 0.65288
0.862 0.139 1.5469
0.864 -0.58 1.0546
0.866 -0.432 1.2334
0.866 0.615 -0.1306
0.867 0.028 1.5835
0.867 0.145 1.2909
0.868 0.232 1.2092
0.869 0.189 1.151
0.871 -0.077 1.7833
0.872 -0.346 1.3737
0.874 0.406 0.48474
0.876 -0.749 0.63263
0.877 -0.559 1.0512
0.879 0.121 1.645
0.881 -0.156 1.6699
0.895 0.366 0.67822
0.897 -0.655 0.79166
0.898 -0.342 1.4412
0.899 0.563 -0.0135
0.905 0.621 -0.2031
0.906 -0.424 1.4359
0.907 0.717 -0.55821
0.908 0.605 -0.18587
0.911 -0.097 1.46
0.916 0.492 0.25127
0.92 0.576 -0.114
0.925 -0.946 0.45184
0.927 -0.467 1.2713
0.929 0.45 0.34348
0.934 -0.861 0.55403
0.94 0.052 1.4116
0.947 -0.247 1.5787
0.949 0.711 -0.63279
0.952 0.137 1.266
0.953 0.599 -0.2525
0.954 -0.167 1.6417
0.958 -0.248 1.6852
0.959 0.271 0.91848
0.96 -0.527 1.0309
0.962 -0.701 0.82954
0.967 -0.751 0.96704
0.97 0.148 1.2086
0.972 -0.609 0.96808
0.972 -0.138 1.566
0.976 -0.68 0.82473
0.978 0.607 -0.31612
0.98 0.142 1.3708
0.98 0.293 0.95011
0.983 -0.108 1.504
0.983 0.755 -0.78528
0.984 -0.441 1.0084
0.984 0.435 0.30973
0.984 0.512 -0.0050887
0.986 0.24 1.0752
0.993 -0.585 0.76829
0.996 -0.543 0.92126
0.999 0.026 1.4969
1 0.974 -1.4686
