0.01 0.039723
0.02 0.10476
0.04 0.14985
0.05 0.075214
0.06 0.15708
0.1 0.25347
0.11 0.26581
0.13 0.31981
0.2 0.31713
0.22 0.38761
0.25 0.41094
0.26 0.50898
0.28 0.55338
0.29 0.55772
0.3 0.58295
0.32 0.53879
0.34 0.63841
0.36 0.6034
0.37 0.58908
0.38 0.66062
0.39 0.73242
0.41 0.75969
0.42 0.59741
0.47 0.80339
0.48 0.71388
0.52 0.78195
0.53 0.86638
0.55 0.7527
0.59 0.83053
0.61 0.77342
0.63 0.78772
0.65 0.75149
0.73 0.6542
0.74 0.76339
0.79 0.73463
0.8 0.70459
0.84 0.70268
0.88 0.62088
0.91 0.46823
0.92 0.58886
0.95 0.51432
0.96 0.57887
0.98 0.53159
1.01 0.4732
1.04 0.43281
1.06 0.46707
1.12 0.28942
1.13 0.28261
1.14 0.33531
1.16 0.30317
1.17 0.26016
1.19 0.26786
1.2 0.22878
1.22 0.23729
1.24 0.1665
1.25 0.18714
1.27 0.21523
1.28 0.14957
1.33 0.14222
1.38 0.073466
1.39 0.058313
1.41 0.032448
1.42 0.076421
1.43 0.056112
1.44 0.024367
1.45 0.072475
1.52 0.017586
1.57 0.0046033
1.59 -0.079953
1.61 0.055082
1.62 0.03488
1.64 -0.004642
1.68 -0.029727
1.69 -0.0075033
1.74 0.047904
1.78 0.097564
1.79 0.074576
1.8 0.099313
1.81 0.16082
1.86 0.22141
1.88 0.19699
1.91 0.19745
1.93 0.23123
1.96 0.32819
2 0.30185
2.01 0.3437
2.02 0.37785
2.05 0.41224
2.07 0.42547
2.08 0.40539
2.09 0.44463
2.12 0.40806
2.14 0.53554
2.15 0.46717
2.17 0.58672
2.18 0.58897
2.22 0.63427
2.3 0.64833
2.31 0.63593
2.33 0.65269
2.38 0.60775
2.45 0.80668
2.46 0.67556
2.47 0.78258
2.52 0.80975
2.58 0.732
2.61 0.61964
2.63 0.74931
2.64 0.75974
2.69 0.75179
2.71 0.73756
2.75 0.60506
2.77 0.55977
2.79 0.57726
2.83 0.55709
2.86 0.49432
2.89 0.46423
2.95 0.43501
3 0.28382
3.04 0.17016
3.06 0.19056
3.07 0.22479
3.1 0.098114
3.11 0.10396
3.13 0.026047
3.14 -0.0009874
3.18 -0.064786
3.21 -0.10875
3.22 -0.1059
3.24 -0.21521
3.27 -0.25831
3.28 -0.27901
3.29 -0.30986
3.35 -0.28167
3.39 -0.5504
3.4 -0.49109
3.41 -0.59755
3.42 -0.49603
3.47 -0.53111
3.48 -0.53223
3.49 -0.61975
3.59 -0.73973
3.6 -0.64472
3.61 -0.7055
3.65 -0.67408
3.66 -0.73741
3.67 -0.67239
3.72 -0.76797
3.73 -0.72864
3.77 -0.71142
3.78 -0.79289
3.8 -0.75883
3.81 -0.78399
3.82 -0.74036
3.83 -0.75405
3.89 -0.6497
3.9 -0.73643
3.93 -0.65976
3.95 -0.60064
4 -0.60134
4.01 -0.64377
4.03 -0.58149
4.05 -0.65159
4.06 -0.4801
4.12 -0.53662
4.19 -0.49941
4.2 -0.37819
4.3 -0.29014
4.31 -0.29987
4.32 -0.24825
4.33 -0.29176
4.38 -0.19931
4.42 -0.2076
4.43 -0.15195
4.45 -0.15744
4.46 -0.13761
4.47 -0.034299
4.48 -0.10625
4.49 -0.072505
4.5 -0.043641
4.51 -0.13216
4.52 -0.087759
4.55 -0.0038439
4.57 -0.048904
4.58 -0.090326
4.6 0.018921
4.62 -0.10681
4.64 -0.048007
4.67 -0.057587
4.7 0.039796
4.71 -0.026654
4.73 0.053064
4.77 -0.059406
4.78 0.013692
4.79 0.035643
4.81 -0.034152
4.82 0.042094
4.86 -0.05387
4.9 -0.12698
4.95 -0.093948
